function r = phi(order, basisType)

switch basisType
	case 1
		switch order
			case 1
				r = [
					0.3333333333333333   0.3333333333333333   0.3333333333333334
					];
			case 2
				r = [
					0.6666666666666667   0.1666666666666667   0.1666666666666666
					0.1666666666666667   0.6666666666666666   0.1666666666666667
					0.1666666666666666   0.1666666666666667   0.6666666666666667
					];
			case 3
				r = [
					0.3333333333333333   0.3333333333333333   0.3333333333333334
					0.5999999999999999   0.2000000000000000   0.2000000000000001
					0.2000000000000002   0.5999999999999999   0.2000000000000000
					0.2000000000000000   0.2000000000000000   0.6000000000000000
					];
			case 4
				r = [
					0.1081030181680700   0.4459484909159650   0.4459484909159650
					0.4459484909159650   0.1081030181680700   0.4459484909159650
					0.4459484909159651   0.4459484909159650   0.1081030181680699
					0.8168475729804591   0.0915762135097710   0.0915762135097699
					0.0915762135097710   0.8168475729804590   0.0915762135097700
					0.0915762135097711   0.0915762135097710   0.8168475729804580
					];
			case 5
				r = [
					0.3333333333333333   0.3333333333333333   0.3333333333333334
					0.0597158717897701   0.4701420641051149   0.4701420641051149
					0.4701420641051149   0.0597158717897700   0.4701420641051151
					0.4701420641051151   0.4701420641051149   0.0597158717897701
					0.7974269853530870   0.1012865073234560   0.1012865073234570
					0.1012865073234560   0.7974269853530870   0.1012865073234570
					0.1012865073234560   0.1012865073234560   0.7974269853530880
					];
			case 6
				r = [
					0.2492867451709101   0.2492867451709100   0.5014265096581799
					0.2492867451709102   0.5014265096581789   0.2492867451709109
					0.5014265096581789   0.2492867451709100   0.2492867451709110
					0.0630890144915022   0.0630890144915020   0.8738219710169959
					0.0630890144915022   0.8738219710169959   0.0630890144915020
					0.8738219710169959   0.0630890144915020   0.0630890144915021
					0.3103524510337839   0.6365024991213990   0.0531450498448171
					0.6365024991213990   0.0531450498448170   0.3103524510337840
					0.0531450498448170   0.3103524510337839   0.6365024991213990
					0.6365024991213991   0.3103524510337839   0.0531450498448170
					0.3103524510337839   0.0531450498448170   0.6365024991213990
					0.0531450498448170   0.6365024991213990   0.3103524510337839
					];
			case 7
				r = [
					0.3333333333333330   0.3333333333333329   0.3333333333333340
					0.2603459660790400   0.2603459660790400   0.4793080678419200
					0.2603459660790400   0.4793080678419200   0.2603459660790400
					0.4793080678419199   0.2603459660790400   0.2603459660790400
					0.0651301029022160   0.0651301029022160   0.8697397941955680
					0.0651301029022160   0.8697397941955680   0.0651301029022160
					0.8697397941955680   0.0651301029022160   0.0651301029022160
					0.3128654960048740   0.6384441885698100   0.0486903154253160
					0.6384441885698101   0.0486903154253160   0.3128654960048739
					0.0486903154253161   0.3128654960048740   0.6384441885698099
					0.6384441885698100   0.3128654960048740   0.0486903154253161
					0.3128654960048740   0.0486903154253160   0.6384441885698100
					0.0486903154253160   0.6384441885698100   0.3128654960048740
					];
			case 8
				r = [
					0.3333333333333330   0.3333333333333329   0.3333333333333340
					0.0814148234145540   0.4592925882927230   0.4592925882927230
					0.4592925882927230   0.0814148234145540   0.4592925882927230
					0.4592925882927230   0.4592925882927230   0.0814148234145540
					0.6588613844964801   0.1705693077517600   0.1705693077517599
					0.1705693077517600   0.6588613844964800   0.1705693077517600
					0.1705693077517600   0.1705693077517600   0.6588613844964800
					0.8989055433659379   0.0505472283170310   0.0505472283170311
					0.0505472283170312   0.8989055433659379   0.0505472283170310
					0.0505472283170310   0.0505472283170310   0.8989055433659381
					0.0083947774099580   0.2631128296346380   0.7284923929554040
					0.0083947774099580   0.7284923929554040   0.2631128296346380
					0.2631128296346381   0.0083947774099580   0.7284923929554039
					0.7284923929554041   0.0083947774099580   0.2631128296346379
					0.2631128296346380   0.7284923929554040   0.0083947774099580
					0.7284923929554039   0.2631128296346380   0.0083947774099580
					];
			case 9
				r = [
					0.3333333333333330   0.3333333333333329   0.3333333333333340
					0.0206349616025250   0.4896825191987380   0.4896825191987370
					0.4896825191987381   0.0206349616025250   0.4896825191987370
					0.4896825191987381   0.4896825191987380   0.0206349616025239
					0.1258208170141271   0.4370895914929370   0.4370895914929359
					0.4370895914929371   0.1258208170141270   0.4370895914929359
					0.4370895914929371   0.4370895914929370   0.1258208170141259
					0.6235929287619351   0.1882035356190330   0.1882035356190320
					0.1882035356190330   0.6235929287619350   0.1882035356190320
					0.1882035356190330   0.1882035356190330   0.6235929287619340
					0.9105409732110950   0.0447295133944530   0.0447295133944521
					0.0447295133944530   0.9105409732110950   0.0447295133944521
					0.0447295133944530   0.0447295133944530   0.9105409732110941
					0.0368384120547360   0.2219629891607660   0.7411985987844979
					0.0368384120547361   0.7411985987844979   0.2219629891607660
					0.2219629891607661   0.0368384120547360   0.7411985987844979
					0.7411985987844980   0.0368384120547360   0.2219629891607660
					0.2219629891607662   0.7411985987844979   0.0368384120547360
					0.7411985987844979   0.2219629891607660   0.0368384120547361
					];
			otherwise
		end
	case 2
		switch order
			case 1
				r = [
					-0.1111111111111112  -0.1111111111111111  -0.1111111111111111   0.4444444444444444   0.4444444444444445   0.4444444444444444
					];
			case 2
				r = [
					0.2222222222222223  -0.1111111111111111  -0.1111111111111111   0.4444444444444444   0.1111111111111111   0.4444444444444444
					-0.1111111111111112   0.2222222222222222  -0.1111111111111111   0.4444444444444442   0.4444444444444445   0.1111111111111112
					-0.1111111111111109  -0.1111111111111111   0.2222222222222223   0.1111111111111110   0.4444444444444445   0.4444444444444442
					];
			case 3
				r = [
					-0.1111111111111112  -0.1111111111111111  -0.1111111111111111   0.4444444444444444   0.4444444444444445   0.4444444444444444
					0.1199999999999998  -0.1200000000000000  -0.1200000000000000   0.4799999999999999   0.1600000000000001   0.4800000000000001
					-0.1200000000000001   0.1199999999999998  -0.1200000000000000   0.4800000000000004   0.4799999999999999   0.1600000000000000
					-0.1199999999999999  -0.1200000000000000   0.1200000000000000   0.1600000000000000   0.4800000000000000   0.4800000000000000
					];
			case 4
				r = [
					-0.0847304930939778  -0.0482083778155120  -0.0482083778155120   0.1928335112620478   0.7954802262009061   0.1928335112620478
					-0.0482083778155120  -0.0847304930939779  -0.0482083778155120   0.1928335112620479   0.1928335112620478   0.7954802262009061
					-0.0482083778155120  -0.0482083778155120  -0.0847304930939778   0.7954802262009062   0.1928335112620477   0.1928335112620477
					0.5176323419876738  -0.0748038077481967  -0.0748038077481960   0.2992152309927871   0.0335448115231483   0.2992152309927835
					-0.0748038077481969   0.5176323419876734  -0.0748038077481961   0.2992152309927874   0.2992152309927839   0.0335448115231483
					-0.0748038077481967  -0.0748038077481967   0.5176323419876713   0.0335448115231487   0.2992152309927866   0.2992152309927869
					];
			case 5
				r = [
					-0.1111111111111112  -0.1111111111111111  -0.1111111111111111   0.4444444444444444   0.4444444444444445   0.4444444444444444
					-0.0525839011025453  -0.0280749432230789  -0.0280749432230789   0.1122997728923156   0.8841342417640721   0.1122997728923156
					-0.0280749432230789  -0.0525839011025455  -0.0280749432230789   0.1122997728923155   0.1122997728923155   0.8841342417640723
					-0.0280749432230787  -0.0280749432230789  -0.0525839011025455   0.8841342417640721   0.1122997728923156   0.1122997728923156
					0.4743526085855378  -0.0807685941918870  -0.0807685941918876   0.3230743767675475   0.0410358262631384   0.3230743767675509
					-0.0807685941918872   0.4743526085855377  -0.0807685941918876   0.3230743767675475   0.3230743767675509   0.0410358262631385
					-0.0807685941918872  -0.0807685941918870   0.4743526085855401   0.0410358262631380   0.3230743767675479   0.3230743767675479
					];
			case 6
				r = [
					-0.1249989825350974  -0.1249989825350976   0.0014305795177897   0.2485755252716250   0.4999959301403902   0.4999959301403902
					-0.1249989825350974   0.0014305795177887  -0.1249989825350976   0.4999959301403896   0.4999959301403910   0.2485755252716260
					0.0014305795177887  -0.1249989825350976  -0.1249989825350976   0.4999959301403892   0.2485755252716259   0.4999959301403912
					-0.0551285669924841  -0.0551285669924841   0.6533077030470593   0.0159208949980358   0.2205142679699364   0.2205142679699366
					-0.0551285669924839   0.6533077030470593  -0.0551285669924841   0.2205142679699370   0.2205142679699363   0.0159208949980358
					0.6533077030470593  -0.0551285669924841  -0.0551285669924842   0.2205142679699364   0.0159208949980358   0.2205142679699366
					-0.1177151633084295   0.1737683636541740  -0.0474962571988009   0.7901604427658204   0.1353078281686296   0.0659747859186064
					0.1737683636541740  -0.0474962571988008  -0.1177151633084294   0.1353078281686294   0.0659747859186063   0.7901604427658205
					-0.0474962571988007  -0.1177151633084294   0.1737683636541740   0.0659747859186064   0.7901604427658204   0.1353078281686297
					0.1737683636541743  -0.1177151633084294  -0.0474962571988008   0.7901604427658205   0.0659747859186062   0.1353078281686292
					-0.1177151633084295  -0.0474962571988008   0.1737683636541740   0.0659747859186063   0.1353078281686294   0.7901604427658206
					-0.0474962571988007   0.1737683636541740  -0.1177151633084294   0.1353078281686297   0.7901604427658204   0.0659747859186064
					];
			case 7
				r = [
					-0.1111111111111112  -0.1111111111111112  -0.1111111111111109   0.4444444444444435   0.4444444444444449   0.4444444444444450
					-0.1247859219717828  -0.1247859219717827  -0.0198356200452108   0.2711200882145146   0.4991436878871308   0.4991436878871309
					-0.1247859219717828  -0.0198356200452108  -0.1247859219717827   0.4991436878871309   0.4991436878871308   0.2711200882145146
					-0.0198356200452108  -0.1247859219717827  -0.1247859219717827   0.4991436878871307   0.2711200882145146   0.4991436878871309
					-0.0566462422941094  -0.0566462422941095   0.6431548250191299   0.0169677212162130   0.2265849691764381   0.2265849691764381
					-0.0566462422941094   0.6431548250191299  -0.0566462422941095   0.2265849691764381   0.2265849691764380   0.0169677212162130
					0.6431548250191299  -0.0566462422941095  -0.0566462422941095   0.2265849691764381   0.0169677212162130   0.2265849691764380
					-0.1170958588241224   0.1767777752673162  -0.0439488217928825   0.7989886309132916   0.1243441956916959   0.0609340787447010
					0.1767777752673163  -0.0439488217928825  -0.1170958588241224   0.1243441956916959   0.0609340787447010   0.7989886309132915
					-0.0439488217928825  -0.1170958588241224   0.1767777752673161   0.0609340787447012   0.7989886309132915   0.1243441956916960
					0.1767777752673161  -0.1170958588241224  -0.0439488217928825   0.7989886309132916   0.0609340787447011   0.1243441956916960
					-0.1170958588241224  -0.0439488217928825   0.1767777752673162   0.0609340787447010   0.1243441956916959   0.7989886309132916
					-0.0439488217928825   0.1767777752673162  -0.1170958588241224   0.1243441956916960   0.7989886309132916   0.0609340787447010
					];
			case 8
				r = [
					-0.1111111111111112  -0.1111111111111112  -0.1111111111111109   0.4444444444444435   0.4444444444444449   0.4444444444444450
					-0.0681580764713079  -0.0373932249714655  -0.0373932249714655   0.1495728998858619   0.8437987266425151   0.1495728998858619
					-0.0373932249714655  -0.0681580764713080  -0.0373932249714655   0.1495728998858620   0.1495728998858620   0.8437987266425150
					-0.0373932249714655  -0.0373932249714655  -0.0681580764713080   0.8437987266425151   0.1495728998858619   0.1495728998858619
					0.2093352634647571  -0.1123815302579308  -0.1123815302579307   0.4495261210317231   0.1163755549876584   0.4495261210317228
					-0.1123815302579307   0.2093352634647569  -0.1123815302579308   0.4495261210317230   0.4495261210317231   0.1163755549876584
					-0.1123815302579310  -0.1123815302579308   0.2093352634647569   0.1163755549876584   0.4495261210317230   0.4495261210317230
					0.7171568084220863  -0.0454371837359629  -0.0454371837359629   0.1817487349438515   0.0102200891621363   0.1817487349438518
					-0.0454371837359626   0.7171568084220861  -0.0454371837359629   0.1817487349438522   0.1817487349438515   0.0102200891621363
					-0.0454371837359626  -0.0454371837359629   0.7171568084220867   0.0102200891621362   0.1817487349438515   0.1817487349438514
					-0.0082538328344328  -0.1246561073979459   0.3329099402323775   0.0088350945539479   0.7667027795112199   0.0244621259348330
					-0.0082538328344328   0.3329099402323775  -0.1246561073979459   0.0244621259348330   0.7667027795112199   0.0088350945539479
					-0.1246561073979460  -0.0082538328344325   0.3329099402323774   0.0088350945539480   0.0244621259348331   0.7667027795112200
					0.3329099402323775  -0.0082538328344325  -0.1246561073979459   0.0244621259348331   0.0088350945539479   0.7667027795112198
					-0.1246561073979460   0.3329099402323775  -0.0082538328344325   0.7667027795112200   0.0244621259348331   0.0088350945539480
					0.3329099402323775  -0.1246561073979459  -0.0082538328344325   0.7667027795112198   0.0088350945539480   0.0244621259348331
					];
			case 9
				r = [
					-0.1111111111111112  -0.1111111111111112  -0.1111111111111109   0.4444444444444435   0.4444444444444449   0.4444444444444450
					-0.0197833583218496  -0.0101045799810932  -0.0101045799810942   0.0404183199243746   0.9591558784352876   0.0404183199243748
					-0.0101045799810930  -0.0197833583218496  -0.0101045799810942   0.0404183199243747   0.0404183199243746   0.9591558784352877
					-0.0101045799810930  -0.0101045799810932  -0.0197833583218487   0.9591558784352897   0.0404183199243726   0.0404183199243726
					-0.0941590610259224  -0.0549949695100119  -0.0549949695100127   0.2199798780400497   0.7641892439658482   0.2199798780400490
					-0.0549949695100120  -0.0941590610259221  -0.0549949695100127   0.2199798780400495   0.2199798780400488   0.7641892439658484
					-0.0549949695100118  -0.0549949695100119  -0.0941590610259216   0.7641892439658503   0.2199798780400475   0.2199798780400475
					0.1541433528418406  -0.1173623939800238  -0.1173623939800235   0.4694495759200957   0.1416822832780177   0.4694495759200933
					-0.1173623939800241   0.1541433528418404  -0.1173623939800235   0.4694495759200956   0.4694495759200933   0.1416822832780178
					-0.1173623939800237  -0.1173623939800238   0.1541433528418389   0.1416822832780186   0.4694495759200949   0.4694495759200952
					0.7476287545813209  -0.0407280546574439  -0.0407280546574431   0.1629122186297758   0.0080029174740180   0.1629122186297724
					-0.0407280546574438   0.7476287545813209  -0.0407280546574431   0.1629122186297756   0.1629122186297724   0.0080029174740180
					-0.0407280546574438  -0.0407280546574439   0.7476287545813185   0.0080029174740182   0.1629122186297756   0.1629122186297756
					-0.0341242748493071  -0.1234278520464013   0.3575521268957084   0.0327070562224209   0.6580746261919138   0.1092183175856651
					-0.0341242748493071   0.3575521268957084  -0.1234278520464013   0.1092183175856651   0.6580746261919137   0.0327070562224209
					-0.1234278520464012  -0.0341242748493070   0.3575521268957084   0.0327070562224208   0.1092183175856651   0.6580746261919139
					0.3575521268957084  -0.0341242748493070  -0.1234278520464013   0.1092183175856651   0.0327070562224208   0.6580746261919139
					-0.1234278520464014   0.3575521268957084  -0.0341242748493069   0.6580746261919139   0.1092183175856650   0.0327070562224208
					0.3575521268957083  -0.1234278520464013  -0.0341242748493070   0.6580746261919138   0.0327070562224209   0.1092183175856654
					];
			otherwise
		end
	otherwise
		error('basis type not implemented');
end
end